#	time[s]	beta_apparent
1	0.0000000	1.00000E+02
2	0.9387978	1.06500E+02
3	1.8754645	1.14641E+02
4	2.8121311	1.28932E+02
5	3.7487978	1.40142E+02
6	4.6854645	1.49505E+02
7	5.6221311	1.57620E+02
8	6.5587978	1.64823E+02
9	7.4954645	1.71329E+02
10	8.4321311	1.77280E+02
11	9.3687978	1.82779E+02
12	10.3054645	1.87901E+02
13	11.2421311	1.92701E+02
14	12.1787978	1.97226E+02
15	13.1154645	2.01510E+02
16	14.0521311	2.05581E+02
17	14.9887978	2.09465E+02
18	15.9254645	2.13179E+02
19	16.8621311	2.16742E+02
20	17.7987978	2.20167E+02
21	18.7354645	2.23466E+02
22	19.6721311	2.26650E+02
23	24.5901639	2.41802E+02
24	29.5081967	2.54931E+02
25	34.4262295	2.66586E+02
26	39.3442623	2.77111E+02
27	44.2622951	2.86740E+02
28	49.1803279	2.95637E+02
29	54.0983607	3.03922E+02
30	59.0163934	3.11689E+02
31	63.9344262	3.19008E+02
32	68.8524590	3.25938E+02
33	73.7704918	3.32525E+02
34	78.6885246	3.38808E+02
35	83.6065574	3.44817E+02
36	88.5245902	3.50580E+02
37	93.4426230	3.56120E+02
38	98.3606557	3.61457E+02
39	103.2786885	3.66608E+02
40	108.1967213	3.71587E+02
41	113.1147541	3.76408E+02
42	118.0327869	3.81083E+02
43	122.9508197	3.85621E+02
44	127.8688525	3.90032E+02
45	132.7868852	3.94324E+02
46	137.7049180	3.98505E+02
47	142.6229508	4.02581E+02
48	147.5409836	4.06559E+02
49	152.4590164	4.10443E+02
50	157.3770492	4.14240E+02
51	162.2950820	4.17953E+02
52	167.2131148	4.21587E+02
53	172.1311475	4.25146E+02
54	177.0491803	4.28633E+02
55	181.9672131	4.32053E+02
56	186.8852459	4.35407E+02
57	191.8032787	4.38699E+02
58	196.7213115	4.41932E+02
59	201.6393443	4.45108E+02
60	206.5573770	4.48230E+02
61	211.4754098	4.51299E+02
62	216.3934426	4.54318E+02
63	221.3114754	4.57288E+02
64	226.2295082	4.60212E+02
65	231.1475410	4.63091E+02
66	236.0655738	4.65927E+02
67	240.9836066	4.68722E+02
68	245.9016393	4.71476E+02
69	250.8196721	4.74191E+02
70	255.7377049	4.76869E+02
71	260.6557377	4.79511E+02
72	265.5737705	4.82117E+02
73	270.4918033	4.84689E+02
74	275.4098361	4.87229E+02
75	280.3278689	4.89736E+02
76	285.2459016	4.92212E+02
77	290.1639344	4.94658E+02
78	295.0819672	4.97075E+02
79	300.0000000	5.00000E+02
80	302.9545455	4.95000E+02
81	305.9090909	4.90000E+02
82	308.8636364	4.85000E+02
83	311.8181818	4.80000E+02
84	314.7727273	4.75000E+02
85	317.7272727	4.70000E+02
86	320.6818182	4.65000E+02
87	323.6363636	4.60000E+02
88	326.5909091	4.55000E+02
89	329.5454545	4.50000E+02
90	332.5000000	4.45000E+02
91	335.4545455	4.35000E+02
92	338.4090909	4.30000E+02
93	341.3636364	4.25000E+02
94	344.3181818	4.20000E+02
95	347.2727273	4.15000E+02
96	350.2272727	4.10000E+02
97	353.1818182	4.05000E+02
98	356.1363636	4.00000E+02
99	359.0909091	3.95000E+02
100	362.0454545	3.90000E+02
101	365.0000000	3.88417E+02
102	370.0000000	3.85760E+02
103	375.0000000	3.83155E+02
104	380.0000000	3.80603E+02
105	385.0000000	3.78100E+02
106	390.0000000	3.75646E+02
107	395.0000000	3.73239E+02
108	400.0000000	3.70877E+02
109	412.5000000	3.65163E+02
110	424.0000000	3.60130E+02
111	435.5000000	3.55300E+02
112	450.0000000	3.49475E+02
113	475.0000000	3.40069E+02
114	500.0000000	3.31379E+02
115	525.0000000	3.23320E+02
116	550.0000000	3.15818E+02
117	575.0000000	3.08812E+02
118	600.0000000	3.02250E+02
119	625.0000000	2.96087E+02
120	650.0000000	2.90285E+02
121	675.0000000	2.84808E+02
122	700.0000000	2.79629E+02
123	750.0000000	2.70061E+02
124	800.0000000	2.61407E+02
125	833.0000000	2.56128E+02
126	866.0000000	2.51156E+02
127	900.0000000	2.46322E+02
128	933.0000000	2.41886E+02
129	966.0000000	2.37680E+02
130	1000.0000000	2.33567E+02
131	1050.0000000	2.27887E+02
132	1100.0000000	2.22599E+02
133	1150.0000000	2.17661E+02
134	1200.0000000	2.13036E+02
135	1250.0000000	2.08692E+02
136	1300.0000000	2.04602E+02
137	1400.0000000	1.97092E+02
138	1500.0000000	1.90348E+02
139	1550.0000000	1.87224E+02
140	1600.0000000	1.84248E+02
141	1700.0000000	1.78697E+02
142	1800.0000000	1.73616E+02
143	1900.0000000	1.68943E+02
144	2000.0000000	1.64626E+02
145	2100.0000000	1.60622E+02
146	2200.0000000	1.56895E+02
147	2300.0000000	1.53415E+02
148	2400.0000000	1.50155E+02
149	2500.0000000	1.47093E+02
150	2600.0000000	1.44211E+02
151	2700.0000000	1.41490E+02
152	2800.0000000	1.38917E+02
153	2900.0000000	1.36479E+02
154	3000.0000000	1.34164E+02
155	3100.0000000	1.31962E+02
156	3200.0000000	1.29864E+02
157	3400.0000000	1.25951E+02
158	3500.0000000	1.24122E+02
159	3700.0000000	1.20690E+02
160	3800.0000000	1.19077E+02
161	4000.0000000	1.16034E+02
162	4100.0000000	1.14597E+02
163	4400.0000000	1.10585E+02
164	4500.0000000	1.09338E+02
165	4800.0000000	1.05834E+02
166	4900.0000000	1.04739E+02
167	5300.0000000	1.00672E+02
168	5400.0000000	9.97269E+01
169	5900.0000000	9.53684E+01
170	6100.0000000	1.00000E+02
171	6400.0000000	1.10000E+02
172	6500.0000000	1.09250E+02
173	6550.0000000	1.08500E+02
174	6600.0000000	1.07750E+02
175	6650.0000000	1.07000E+02
176	6700.0000000	1.06250E+02
177	7000.0000000	1.05500E+02
178	7500.0000000	1.04000E+02
179	8000.0000000	1.02000E+02
180	8500.0000000	1.00000E+02
181	9000.0000000	9.70884E+01
182	9500.0000000	9.46779E+01
183	10000.0000000	9.24465E+01
184	11000.0000000	8.84388E+01
185	11500.0000000	8.66295E+01
186	12500.0000000	8.33349E+01
187	13500.0000000	8.04054E+01
188	14500.0000000	7.77775E+01
189	15000.0000000	7.65610E+01
190	17000.0000000	7.22323E+01
191	18000.0000000	7.03378E+01
192	20000.0000000	6.69748E+01
193	21000.0000000	6.45000E+01
194	24500.0000000	5.50000E+01
195	25000.0000000	5.40000E+01
196	25500.0000000	5.20000E+01
197	30500.0000000	4.20000E+01
198	31000.0000000	4.10000E+01
199	37000.0000000	3.30000E+01
200	37500.0000000	3.20000E+01
201	38000.0000000	3.10000E+01
202	48500.0000000	2.10000E+01
203	49000.0000000	2.00000E+01
204	65000.0000000	1.50000E+01
205	79000.0000000	1.25000E+01
206	8.0000000E+15	1.00000E+01
